[1, 1, 1, 1, 1, 1, 1, 1, 1, 1, 1, 1, 1, 1, 1, 1, 1, 1, 1, 1, 1, 1, 1, 1, 1, 1, 1, 1;
 1, 1, 1, 1, 1, 1, 1, 1, 1, 1, 1, 1, 1, 1, 1, 1, 1, 1, 1, 1, 1, 1, 1, 1, 1, 1, 1, 1;
 1, 1, 1, 1, 1, 1, 1, 1, 1, 1, 1, 1, 1, 1, 1, 1, 1, 1, 1, 1, 1, 1, 1, 1, 1, 1, 1, 1;
 1, 1, 1, 1, 1, 1, 1, 1, 1, 1, 1, 1, 0.99607843, 1, 1, 0.94901961, 0.71372551, 1, 1, 0.99607843, 0.98431373, 1, 1, 1, 1, 0.99607843, 0.99607843, 1;
 1, 1, 1, 1, 1, 1, 1, 1, 1, 1, 1, 1, 0.98823529, 1, 0.85882354, 0.46666667, 0.50196081, 0.75686276, 0.78823531, 1, 1, 1, 0.99607843, 0.98823529, 0.98431373, 1, 1, 0.98823529;
 1, 1, 1, 1, 1, 1, 1, 1, 1, 1, 1, 1, 0.97647059, 1, 0.60000002, 0.2, 0.30980393, 0.47450981, 0.43529412, 0.51764709, 0.90980393, 1, 1, 1, 1, 0.95294118, 0.96078432, 1;
 1, 1, 1, 1, 1, 1, 1, 1, 1, 1, 1, 1, 1, 1, 0.39215687, 0.074509807, 0.1882353, 0.3019608, 0.58039218, 0.3882353, 0.36862746, 0.57254905, 0.74901962, 0.90980393, 0.69803923, 0.49019608, 0.71764708, 0.94117647;
 1, 1, 1, 1, 1, 1, 1, 1, 1, 1, 1, 0.99607843, 1, 0.72941178, 0.1882353, 0.1254902, 0.14509805, 0.15294118, 0.15294118, 0.36078432, 0.50196081, 0.52549022, 0.52156866, 0.42745098, 0.44705883, 0.65490198, 0.32549021, 0.74117649;
 1, 1, 1, 1, 1, 1, 1, 1, 1, 0.99607843, 0.99607843, 0.99607843, 1, 0.21568628, 0.090196081, 0.090196081, 0.086274512, 0.10196079, 0.1254902, 0.1254902, 0.15686275, 0.16470589, 0.35686275, 0.50196081, 0.51764709, 0.23137255, 0.10196079, 1;
 1, 1, 1, 1, 1, 1, 1, 1, 1, 1, 1, 1, 1, 0.28235295, 0.11764706, 0.15294118, 0.1254902, 0.10588235, 0.078431375, 0.10980392, 0.12156863, 0.12941177, 0.12156863, 0.13333334, 0.1254902, 0.039215688, 0.32156864, 1;
 1, 1, 1, 1, 1, 1, 1, 1, 1, 1, 1, 1, 1, 0.24313726, 0.10588235, 0.14509805, 0.16470589, 0.22352941, 0.29411766, 0.16862746, 0.17647059, 0.17254902, 0.16470589, 0.1254902, 0.13725491, 0.047058824, 0.20784314, 1;
 1, 1, 1, 1, 1, 1, 1, 1, 1, 0.99607843, 0.98823529, 1, 0.95294118, 0.14117648, 0.13725491, 0.16862746, 0.14509805, 0.24705882, 0.33725491, 0.10980392, 0.18431373, 0.14509805, 0.12156863, 0.16862746, 0.11372549, 0.22745098, 0.18039216, 0.79607844;
 1, 1, 1, 1, 1, 1, 1, 1, 1, 1, 0.97647059, 1, 0.61176473, 0.043137256, 0.12941177, 0.13725491, 0.14509805, 0.20392157, 0.22352941, 0.13333334, 0.15686275, 0.16470589, 0.12941177, 0.13725491, 0.039215688, 0.53333336, 0.34509805, 0.78039217;
 1, 1, 1, 1, 1, 1, 1, 1, 1, 0.98431373, 1, 1, 0.78431374, 0.074509807, 0.10588235, 0.098039217, 0.10588235, 0.05882353, 0.090196081, 0.16470589, 0.14509805, 0.1254902, 0.082352944, 0.14901961, 0.14901961, 0.18039216, 0.63921571, 1;
 1, 1, 0.99607843, 0.98431373, 0.97647059, 0.97254902, 0.99215686, 1, 1, 1, 1, 1, 0.070588239, 0.11372549, 0.14901961, 0.1254902, 0.12941177, 0.14117648, 0.12941177, 0.13333334, 0.15294118, 0.1254902, 0.10196079, 0.15686275, 0.14509805, 0, 0.69803923, 1;
 1, 0.98823529, 1, 1, 1, 1, 1, 1, 1, 0.75686276, 0.43137255, 0.2, 0.10588235, 0.1882353, 0.16470589, 0.13333334, 0.14509805, 0.18431373, 0.17254902, 0.14509805, 0.12156863, 0.1254902, 0.14117648, 0.15686275, 0.12156863, 0.043137256, 0.3764706, 1;
 1, 1, 1, 1, 0.92941177, 0.82745099, 0.67843139, 0.58039218, 0.25882354, 0.10588235, 0.13725491, 0.12941177, 0.14901961, 0.11372549, 0.21568628, 0.19607843, 0.17254902, 0.098039217, 0.12156863, 0.082352944, 0.30980393, 0.26274511, 0.019607844, 0.027450981, 0.086274512, 0.06666667, 0.15686275, 1;
 1, 0.7764706, 0.26666668, 0.18431373, 0.12156863, 0.13333334, 0.12156863, 0.18431373, 0.2, 0.16078432, 0.18431373, 0.18039216, 0.21568628, 0.3764706, 0.039215688, 0.24313726, 0.19215687, 0.1254902, 0, 0, 0.13333334, 0.082352944, 0.13333334, 0.17254902, 0.13725491, 0.090196081, 0.035294119, 1;
 0.98823529, 0.20784314, 0.10588235, 0.12156863, 0.13333334, 0.17254902, 0.17254902, 0.16078432, 0.19607843, 0.19607843, 0.19607843, 0.13725491, 0.05882353, 0.68627453, 0.41176471, 0, 0.10196079, 0.13333334, 0.26274511, 0.39607844, 0.25098041, 0.17647059, 0.2, 0.18039216, 0.12941177, 0.10588235, 0.11764706, 1;
 0.6156863, 0.086274512, 0.22352941, 0.17647059, 0.12941177, 0.10196079, 0.10196079, 0.082352944, 0.023529412, 0.13725491, 0.23921569, 0.15686275, 0.14901961, 0.054901961, 0.74509805, 0.71372551, 0.58431375, 0.5411765, 0.34117648, 0.14117648, 0.13333334, 0.15686275, 0.14901961, 0.1254902, 0.1254902, 0.12156863, 0.10196079, 0.88627452;
 0.70588237, 0.2, 0.16862746, 0.2, 0.24313726, 0.19607843, 0.17254902, 0.11764706, 0.15294118, 0.27450982, 0.22745098, 0.19215687, 0.22352941, 0.16470589, 0.05882353, 0.23529412, 0.10980392, 0.039215688, 0.062745102, 0.1254902, 0.14509805, 0.16862746, 0.18039216, 0.12941177, 0.13725491, 0.13333334, 0.098039217, 0.73725492;
 0.81176472, 0.20392157, 0.28235295, 0.23921569, 0.16470589, 0.22745098, 0.27450982, 0.25490198, 0.23921569, 0.24705882, 0.20784314, 0.16078432, 0.14117648, 0.13333334, 0.13725491, 0.074509807, 0.11764706, 0.15294118, 0.21960784, 0.19215687, 0.27058825, 0.29019609, 0.30588236, 0.32549021, 0.29019609, 0.19607843, 0.19215687, 0.54901963;
 1, 0.52156866, 0.14117648, 0.24313726, 0.29803923, 0.32941177, 0.28235295, 0.23137255, 0.2, 0.17647059, 0.16470589, 0.1882353, 0.17254902, 0.17647059, 0.21568628, 0.23137255, 0.23921569, 0.25098041, 0.23529412, 0.25098041, 0.22352941, 0.24705882, 0.30980393, 0.3882353, 0.34509805, 0.30588236, 0.17647059, 0.63921571;
 1, 1, 0.70980394, 0.25882354, 0.16862746, 0.25098041, 0.3137255, 0.32549021, 0.3137255, 0.29019609, 0.27450982, 0.26274511, 0.25882354, 0.26274511, 0.24313726, 0.22352941, 0.2, 0.18039216, 0.17647059, 0.17647059, 0.17254902, 0.26274511, 0.26274511, 0.23921569, 0.24705882, 0.15294118, 0.33333334, 1;
 0.99215686, 1, 1, 1, 0.74117649, 0.21568628, 0.12941177, 0.070588239, 0.062745102, 0.050980393, 0.035294119, 0.047058824, 0.043137256, 0.13333334, 0.13725491, 0.24313726, 0.25098041, 0.29803923, 0.28627452, 0.28627452, 0.29019609, 0.30980393, 0.34901962, 0.34117648, 0.61176473, 0.77254903, 1, 1;
 1, 1, 1, 1, 1, 1, 1, 0.84313726, 0.76078433, 0.82745099, 0.71764708, 0.8392157, 0.86274511, 1, 1, 1, 1, 1, 1, 1, 1, 1, 1, 1, 1, 1, 1, 1;
 1, 1, 1, 1, 1, 1, 1, 1, 1, 1, 1, 1, 1, 1, 1, 1, 1, 1, 1, 1, 1, 1, 1, 1, 1, 1, 1, 1;
 1, 1, 1, 1, 1, 1, 1, 1, 1, 1, 1, 1, 1, 1, 1, 1, 1, 1, 1, 1, 1, 1, 1, 1, 1, 1, 1, 1]


 1 1 1 1 1 1 1 1 1 1 1 1 1 1 1 1 1 1 1 1 1 1 1 1 1 1 1 1 1 1 1 1 1 1 1 1 1 1 1 1 1 1 1 1 1 1 1 1 1 1 1 1 1 1 1 1 1 1 1 1 1 1 1 1 1 1 1 1 1 1 1 1 1 1 1 1 1 1 1 1 1 1 1 1 1 1 1 1 1 1 1 1 1 1 1 1 0.996078 1 1 0.94902 0.713726 1 1 0.996078 0.984314 1 1 1 1 0.996078 0.996078 1 1 1 1 1 1 1 1 1 1 1 1 1 0.988235 1 0.858824 0.466667 0.501961 0.756863 0.788235 1 1 1 0.996078 0.988235 0.984314 1 1 0.988235 1 1 1 1 1 1 1 1 1 1 1 1 0.976471 1 0.6 0.2 0.309804 0.47451 0.435294 0.517647 0.909804 1 1 1 1 0.952941 0.960784 1 1 1 1 1 1 1 1 1 1 1 1 1 1 1 0.392157 0.0745098 0.188235 0.301961 0.580392 0.388235 0.368627 0.572549 0.74902 0.909804 0.698039 0.490196 0.717647 0.941176 1 1 1 1 1 1 1 1 1 1 1 0.996078 1 0.729412 0.188235 0.12549 0.145098 0.152941 0.152941 0.360784 0.501961 0.52549 0.521569 0.427451 0.447059 0.654902 0.32549 0.741176 1 1 1 1 1 1 1 1 1 0.996078 0.996078 0.996078 1 0.215686 0.0901961 0.0901961 0.0862745 0.101961 0.12549 0.12549 0.156863 0.164706 0.356863 0.501961 0.517647 0.231373 0.101961 1 1 1 1 1 1 1 1 1 1 1 1 1 1 0.282353 0.117647 0.152941 0.12549 0.105882 0.0784314 0.109804 0.121569 0.129412 0.121569 0.133333 0.12549 0.0392157 0.321569 1 1 1 1 1 1 1 1 1 1 1 1 1 1 0.243137 0.105882 0.145098 0.164706 0.223529 0.294118 0.168627 0.176471 0.172549 0.164706 0.12549 0.137255 0.0470588 0.207843 1 1 1 1 1 1 1 1 1 1 0.996078 0.988235 1 0.952941 0.141176 0.137255 0.168627 0.145098 0.247059 0.337255 0.109804 0.184314 0.145098 0.121569 0.168627 0.113725 0.227451 0.180392 0.796078 1 1 1 1 1 1 1 1 1 1 0.976471 1 0.611765 0.0431373 0.129412 0.137255 0.145098 0.203922 0.223529 0.133333 0.156863 0.164706 0.129412 0.137255 0.0392157 0.533333 0.345098 0.780392 1 1 1 1 1 1 1 1 1 0.984314 1 1 0.784314 0.0745098 0.105882 0.0980392 0.105882 0.0588235 0.0901961 0.164706 0.145098 0.12549 0.0823529 0.14902 0.14902 0.180392 0.639216 1 1 1 0.996078 0.984314 0.976471 0.972549 0.992157 1 1 1 1 1 0.0705882 0.113725 0.14902 0.12549 0.129412 0.141176 0.129412 0.133333 0.152941 0.12549 0.101961 0.156863 0.145098 0 0.698039 1 1 0.988235 1 1 1 1 1 1 1 0.756863 0.431373 0.2 0.105882 0.188235 0.164706 0.133333 0.145098 0.184314 0.172549 0.145098 0.121569 0.12549 0.141176 0.156863 0.121569 0.0431373 0.376471 1 1 1 1 1 0.929412 0.827451 0.678431 0.580392 0.258824 0.105882 0.137255 0.129412 0.14902 0.113725 0.215686 0.196078 0.172549 0.0980392 0.121569 0.0823529 0.309804 0.262745 0.0196078 0.027451 0.0862745 0.0666667 0.156863 1 1 0.776471 0.266667 0.184314 0.121569 0.133333 0.121569 0.184314 0.2 0.160784 0.184314 0.180392 0.215686 0.376471 0.0392157 0.243137 0.192157 0.12549 0 0 0.133333 0.0823529 0.133333 0.172549 0.137255 0.0901961 0.0352941 1 0.988235 0.207843 0.105882 0.121569 0.133333 0.172549 0.172549 0.160784 0.196078 0.196078 0.196078 0.137255 0.0588235 0.686275 0.411765 0 0.101961 0.133333 0.262745 0.396078 0.25098 0.176471 0.2 0.180392 0.129412 0.105882 0.117647 1 0.615686 0.0862745 0.223529 0.176471 0.129412 0.101961 0.101961 0.0823529 0.0235294 0.137255 0.239216 0.156863 0.14902 0.054902 0.745098 0.713726 0.584314 0.541176 0.341176 0.141176 0.133333 0.156863 0.14902 0.12549 0.12549 0.121569 0.101961 0.886275 0.705882 0.2 0.168627 0.2 0.243137 0.196078 0.172549 0.117647 0.152941 0.27451 0.227451 0.192157 0.223529 0.164706 0.0588235 0.235294 0.109804 0.0392157 0.0627451 0.12549 0.145098 0.168627 0.180392 0.129412 0.137255 0.133333 0.0980392 0.737255 0.811765 0.203922 0.282353 0.239216 0.164706 0.227451 0.27451 0.254902 0.239216 0.247059 0.207843 0.160784 0.141176 0.133333 0.137255 0.0745098 0.117647 0.152941 0.219608 0.192157 0.270588 0.290196 0.305882 0.32549 0.290196 0.196078 0.192157 0.54902 1 0.521569 0.141176 0.243137 0.298039 0.329412 0.282353 0.231373 0.2 0.176471 0.164706 0.188235 0.172549 0.176471 0.215686 0.231373 0.239216 0.25098 0.235294 0.25098 0.223529 0.247059 0.309804 0.388235 0.345098 0.305882 0.176471 0.639216 1 1 0.709804 0.258824 0.168627 0.25098 0.313726 0.32549 0.313726 0.290196 0.27451 0.262745 0.258824 0.262745 0.243137 0.223529 0.2 0.180392 0.176471 0.176471 0.172549 0.262745 0.262745 0.239216 0.247059 0.152941 0.333333 1 0.992157 1 1 1 0.741176 0.215686 0.129412 0.0705882 0.0627451 0.0509804 0.0352941 0.0470588 0.0431373 0.133333 0.137255 0.243137 0.25098 0.298039 0.286275 0.286275 0.290196 0.309804 0.34902 0.341176 0.611765 0.772549 1 1 1 1 1 1 1 1 1 0.843137 0.760784 0.827451 0.717647 0.839216 0.862745 1 1 1 1 1 1 1 1 1 1 1 1 1 1 1 1 1 1 1 1 1 1 1 1 1 1 1 1 1 1 1 1 1 1 1 1 1 1 1 1 1 1 1 1 1 1 1 1 1 1 1 1 1 1 1 1 1 1 1 1 1 1 1 1 1 1 1 1 1 1 1